$ANSIBLE_VAULT;1.1;AES256
32656362356565303538383131636430356162653736306337313038343838333965656362333965
3731366636623538313563376462626164393935616566310a643166343334303632326635656633
66376431666232663235363834653936663138643362653536373538356130343932386564383832
3834326232653231640a653436366165643162313535656233353934626633353662383230363735
66666233393731336337306463333561326235343338383432333762363538663865393138356533
34626635396338393764346662306265616262656631393232323733303131383638323633633833
61313166353061386164646263303664653832653637613833303433646664396435393538326239
63643139663438306139646133386365333163666437623762373233363466626665346161313337
64383765363564386466353863383766623339353435306461383331653866643465376639653363
35623739306138613666393434666362336461653130343466383862616432353036373863653634
38653465366132643432643636663033326134333838363735393034626165653533366564333966
61366466386263656663323138653161313434663037613931353730363039343237373735653938
66363434643565626562343837393362656361386363396532666230666164643434623635326438
64653561343136636565633865363739303632346639343930623436303566633262633935303236
34386239346439306439356164653265363339386635393663343836346236383134326137303866
64343630326433353733633966316432323931363539616537323764626561316434333732653031
37393731313463343734643939633065626562353637616664383132376538356237643836393530
30646337663566623833353638633961643039663032336464333663333139343265336334306438
66346464306339393434343035393364323234613365303132636139313138306635323439643430
34613333363964633538656437636437326235653538363031396665376433313665323138386632
63356161313530383264303036336533303666366635323265386637353434346463346336366165
38326364303630353862373831633762383163343939643435646439356631383230633538306261
30653738646333316564383465353331326337663838616332636134356236326234636165353931
30343465653162323530353463616537626335356430343238376364303031636662663732663563
37613362343133383934633964383063653930633639323331396332366164343963613461373830
62336562363731306130343333356232343836333432643237646238356138666165336634333030
63373738303731333930613433393262333461373939343033396137353334393433396163623164
36663065623266633238623630313361613034393465643633323532373439353737643735613339
3430
